-49.5 50 
-48.5 50 
-47.5 50 
-46.5 50 
-45.5 50 
-44.5 50 
-43.5 50 
-42.5 50 
-41.5 50 
-40.5 50 
-39.5 50 
-38.5 50 
-37.5 50 
-36.5 50 
-35.5 50 
-34.5 50 
-33.5 50 
-32.5 50 
-31.5 50 
-30.5 50 
-29.5 50 
-28.5 50 
-27.5 50 
-26.5 50 
-25.5 50 
-24.5 50 
-23.5 50 
-22.5 50 
-21.5 50 
-20.5 50 
-19.5 50 
-18.5 50 
-17.5 50 
-16.5 50 
-15.5 50 
-14.5 50 
-13.5 50 
-12.5 50 
-11.5 50 
-10.5 50 
-9.5 50 
-8.5 50 
-7.5 50 
-6.5 50 
-5.5 50 
-4.5 50 
-3.5 50 
-2.5 50 
-1.5 50 
-0.5 50 
0.5 50 
1.5 50 
2.5 50 
3.5 50 
4.5 50 
5.5 50 
6.5 50 
7.5 50 
8.5 50 
9.5 50 
10.5 50 
11.5 50 
12.5 50 
13.5 50 
14.5 50 
15.5 50 
16.5 50 
17.5 50 
18.5 50 
19.5 50 
20.5 50 
21.5 50 
22.5 50 
23.5 50 
24.5 50 
25.5 50 
26.5 50 
27.5 50 
28.5 50 
29.5 50 
30.5 50 
31.5 50 
32.5 50 
33.5 50 
34.5 50 
35.5 50 
36.5 50 
37.5 50 
38.5 50 
39.5 50 
40.5 50 
41.5 50 
42.5 50 
43.5 50 
44.5 50 
45.5 50 
46.5 50 
47.5 50 
48.5 50 
49.5 50 
50.5 50 
51.5 50 
52.5 50 
53.5 50 
54.5 50 
55.5 50 
56.5 50 
57.5 50 
58.5 50 
59.5 50 
60.5 50 
61.5 50 
62.5 50 
63.5 50 
64.5 50 
65.5 50 
66.5 50 
67.5 50 
68.5 50 
69.5 50 
70.5 50 
71.5 50 
72.5 50 
73.5 50 
74.5 50 
75.5 50 
76.5 50 
77.5 50 
78.5 50 
79.5 50 
80.5 50 
81.5 50 
82.5 50 
83.5 50 
84.5 50 
85.5 50 
86.5 50 
87.5 50 
88.5 50 
89.5 50 
90.5 50 
91.5 50 
92.5 50 
93.5 50 
94.5 50 
95.5 50 
96.5 50 
97.5 50 
98.5 50 
99.5 50 
100.5 50 
101.5 50 
102.5 50 
103.5 50 
104.5 50 
105.5 50 
106.5 50 
107.5 50 
108.5 50 
109.5 50 
110.5 50 
111.5 50 
112.5 50 
113.5 50 
114.5 50 
115.5 50 
116.5 50 
117.5 50 
118.5 50 
119.5 50 
120.5 50 
121.5 50 
122.5 50 
123.5 50 
124.5 50 
125.5 50 
126.5 50 
127.5 50 
128.5 50 
129.5 50 
-49.5 -50 
-48.5 -50 
-47.5 -50 
-46.5 -50 
-45.5 -50 
-44.5 -50 
-43.5 -50 
-42.5 -50 
-41.5 -50 
-40.5 -50 
-39.5 -50 
-38.5 -50 
-37.5 -50 
-36.5 -50 
-35.5 -50 
-34.5 -50 
-33.5 -50 
-32.5 -50 
-31.5 -50 
-30.5 -50 
-29.5 -50 
-28.5 -50 
-27.5 -50 
-26.5 -50 
-25.5 -50 
-24.5 -50 
-23.5 -50 
-22.5 -50 
-21.5 -50 
-20.5 -50 
-19.5 -50 
-18.5 -50 
-17.5 -50 
-16.5 -50 
-15.5 -50 
-14.5 -50 
-13.5 -50 
-12.5 -50 
-11.5 -50 
-10.5 -50 
-9.5 -50 
-8.5 -50 
-7.5 -50 
-6.5 -50 
-5.5 -50 
-4.5 -50 
-3.5 -50 
-2.5 -50 
-1.5 -50 
-0.5 -50 
0.5 -50 
1.5 -50 
2.5 -50 
3.5 -50 
4.5 -50 
5.5 -50 
6.5 -50 
7.5 -50 
8.5 -50 
9.5 -50 
10.5 -50 
11.5 -50 
12.5 -50 
13.5 -50 
14.5 -50 
15.5 -50 
16.5 -50 
17.5 -50 
18.5 -50 
19.5 -50 
20.5 -50 
21.5 -50 
22.5 -50 
23.5 -50 
24.5 -50 
25.5 -50 
26.5 -50 
27.5 -50 
28.5 -50 
29.5 -50 
30.5 -50 
31.5 -50 
32.5 -50 
33.5 -50 
34.5 -50 
35.5 -50 
36.5 -50 
37.5 -50 
38.5 -50 
39.5 -50 
40.5 -50 
41.5 -50 
42.5 -50 
43.5 -50 
44.5 -50 
45.5 -50 
46.5 -50 
47.5 -50 
48.5 -50 
49.5 -50 
50.5 -50 
51.5 -50 
52.5 -50 
53.5 -50 
54.5 -50 
55.5 -50 
56.5 -50 
57.5 -50 
58.5 -50 
59.5 -50 
60.5 -50 
61.5 -50 
62.5 -50 
63.5 -50 
64.5 -50 
65.5 -50 
66.5 -50 
67.5 -50 
68.5 -50 
69.5 -50 
70.5 -50 
71.5 -50 
72.5 -50 
73.5 -50 
74.5 -50 
75.5 -50 
76.5 -50 
77.5 -50 
78.5 -50 
79.5 -50 
80.5 -50 
81.5 -50 
82.5 -50 
83.5 -50 
84.5 -50 
85.5 -50 
86.5 -50 
87.5 -50 
88.5 -50 
89.5 -50 
90.5 -50 
91.5 -50 
92.5 -50 
93.5 -50 
94.5 -50 
95.5 -50 
96.5 -50 
97.5 -50 
98.5 -50 
99.5 -50 
100.5 -50 
101.5 -50 
102.5 -50 
103.5 -50 
104.5 -50 
105.5 -50 
106.5 -50 
107.5 -50 
108.5 -50 
109.5 -50 
110.5 -50 
111.5 -50 
112.5 -50 
113.5 -50 
114.5 -50 
115.5 -50 
116.5 -50 
117.5 -50 
118.5 -50 
119.5 -50 
120.5 -50 
121.5 -50 
122.5 -50 
123.5 -50 
124.5 -50 
125.5 -50 
126.5 -50 
127.5 -50 
128.5 -50 
129.5 -50 
-50 -49.5 
-50 -48.5 
-50 -47.5 
-50 -46.5 
-50 -45.5 
-50 -44.5 
-50 -43.5 
-50 -42.5 
-50 -41.5 
-50 -40.5 
-50 -39.5 
-50 -38.5 
-50 -37.5 
-50 -36.5 
-50 -35.5 
-50 -34.5 
-50 -33.5 
-50 -32.5 
-50 -31.5 
-50 -30.5 
-50 -29.5 
-50 -28.5 
-50 -27.5 
-50 -26.5 
-50 -25.5 
-50 -24.5 
-50 -23.5 
-50 -22.5 
-50 -21.5 
-50 -20.5 
-50 -19.5 
-50 -18.5 
-50 -17.5 
-50 -16.5 
-50 -15.5 
-50 -14.5 
-50 -13.5 
-50 -12.5 
-50 -11.5 
-50 -10.5 
-50 -9.5 
-50 -8.5 
-50 -7.5 
-50 -6.5 
-50 -5.5 
-50 -4.5 
-50 -3.5 
-50 -2.5 
-50 -1.5 
-50 -0.5 
-50 0.5 
-50 1.5 
-50 2.5 
-50 3.5 
-50 4.5 
-50 5.5 
-50 6.5 
-50 7.5 
-50 8.5 
-50 9.5 
-50 10.5 
-50 11.5 
-50 12.5 
-50 13.5 
-50 14.5 
-50 15.5 
-50 16.5 
-50 17.5 
-50 18.5 
-50 19.5 
-50 20.5 
-50 21.5 
-50 22.5 
-50 23.5 
-50 24.5 
-50 25.5 
-50 26.5 
-50 27.5 
-50 28.5 
-50 29.5 
-50 30.5 
-50 31.5 
-50 32.5 
-50 33.5 
-50 34.5 
-50 35.5 
-50 36.5 
-50 37.5 
-50 38.5 
-50 39.5 
-50 40.5 
-50 41.5 
-50 42.5 
-50 43.5 
-50 44.5 
-50 45.5 
-50 46.5 
-50 47.5 
-50 48.5 
-50 49.5 
130 -49.5 
130 -48.5 
130 -47.5 
130 -46.5 
130 -45.5 
130 -44.5 
130 -43.5 
130 -42.5 
130 -41.5 
130 -40.5 
130 -39.5 
130 -38.5 
130 -37.5 
130 -36.5 
130 -35.5 
130 -34.5 
130 -33.5 
130 -32.5 
130 -31.5 
130 -30.5 
130 -29.5 
130 -28.5 
130 -27.5 
130 -26.5 
130 -25.5 
130 -24.5 
130 -23.5 
130 -22.5 
130 -21.5 
130 -20.5 
130 -19.5 
130 -18.5 
130 -17.5 
130 -16.5 
130 -15.5 
130 -14.5 
130 -13.5 
130 -12.5 
130 -11.5 
130 -10.5 
130 -9.5 
130 -8.5 
130 -7.5 
130 -6.5 
130 -5.5 
130 -4.5 
130 -3.5 
130 -2.5 
130 -1.5 
130 -0.5 
130 0.5 
130 1.5 
130 2.5 
130 3.5 
130 4.5 
130 5.5 
130 6.5 
130 7.5 
130 8.5 
130 9.5 
130 10.5 
130 11.5 
130 12.5 
130 13.5 
130 14.5 
130 15.5 
130 16.5 
130 17.5 
130 18.5 
130 19.5 
130 20.5 
130 21.5 
130 22.5 
130 23.5 
130 24.5 
130 25.5 
130 26.5 
130 27.5 
130 28.5 
130 29.5 
130 30.5 
130 31.5 
130 32.5 
130 33.5 
130 34.5 
130 35.5 
130 36.5 
130 37.5 
130 38.5 
130 39.5 
130 40.5 
130 41.5 
130 42.5 
130 43.5 
130 44.5 
130 45.5 
130 46.5 
130 47.5 
130 48.5 
130 49.5 
-34.875 -3.5 
-2.775 -3.5 
21.225 -3.5 
58.225 -3.5 
84.225 -3.5 
-24.975 3.5 
9.225 3.5 
27.225 3.5 
71.225 3.5 
90.725 3.5 
79.9 -29.3 
80.9 -29.3 
81.9 -29.3 
82.9 -29.3 
83.9 -29.3 
84.9 -29.3 
85.9 -29.3 
86.9 -29.3 
87.9 -29.3 
88.9 -29.3 
89.9 -29.3 
90.9 -29.3 
91.9 -29.3 
92.9 -29.3 
79.5 -33.2 
80.5 -33.2 
81.5 -33.2 
82.5 -33.2 
83.5 -33.2 
84.5 -33.2 
85.5 -33.2 
88.5 -33.2 
89.5 -33.2 
90.5 -33.2 
91.5 -33.2 
92.5 -33.2 
93.5 -33.2 
94.5 -33.2 
3.02 35.0 
4.02 35.0 
5.02 35.0 
6.02 35.0 
7.02 35.0 
8.02 35.0 
9.02 35.0 
-35.0 20.0 
-34.0 20.0 
-33.0 20.0 
-32.0 20.0 
-31.0 20.0 
-30.0 20.0 
-29.0 20.0 
-28.0 20.0 
-27.0 20.0 
-26.0 20.0 
-25.0 20.0 
-24.0 20.0 
-23.0 20.0 
-22.0 20.0 
-21.0 20.0 
-20.0 20.0 
-19.0 20.0 
-35.0 21.0 
-34.0 21.0 
-33.0 21.0 
-32.0 21.0 
-31.0 21.0 
-30.0 21.0 
-29.0 21.0 
-28.0 21.0 
-27.0 21.0 
-26.0 21.0 
-25.0 21.0 
-24.0 21.0 
-23.0 21.0 
-22.0 21.0 
-21.0 21.0 
-20.0 21.0 
-19.0 21.0 
-35.0 22.0 
-34.0 22.0 
-33.0 22.0 
-32.0 22.0 
-31.0 22.0 
-30.0 22.0 
-29.0 22.0 
-28.0 22.0 
-27.0 22.0 
-26.0 22.0 
-25.0 22.0 
-24.0 22.0 
-23.0 22.0 
-22.0 22.0 
-21.0 22.0 
-20.0 22.0 
-19.0 22.0 
-35.0 23.0 
-34.0 23.0 
-33.0 23.0 
-32.0 23.0 
-31.0 23.0 
-30.0 23.0 
-29.0 23.0 
-28.0 23.0 
-27.0 23.0 
-26.0 23.0 
-25.0 23.0 
-24.0 23.0 
-23.0 23.0 
-22.0 23.0 
-21.0 23.0 
-20.0 23.0 
-19.0 23.0 
-35.0 24.0 
-34.0 24.0 
-33.0 24.0 
-32.0 24.0 
-31.0 24.0 
-30.0 24.0 
-29.0 24.0 
-28.0 24.0 
-27.0 24.0 
-26.0 24.0 
-25.0 24.0 
-24.0 24.0 
-23.0 24.0 
-22.0 24.0 
-21.0 24.0 
-20.0 24.0 
-19.0 24.0 
-35.0 25.0 
-34.0 25.0 
-33.0 25.0 
-32.0 25.0 
-31.0 25.0 
-30.0 25.0 
-29.0 25.0 
-28.0 25.0 
-27.0 25.0 
-26.0 25.0 
-25.0 25.0 
-24.0 25.0 
-23.0 25.0 
-22.0 25.0 
-21.0 25.0 
-20.0 25.0 
-19.0 25.0 
-35.0 26.0 
-34.0 26.0 
-33.0 26.0 
-32.0 26.0 
-31.0 26.0 
-30.0 26.0 
-29.0 26.0 
-28.0 26.0 
-27.0 26.0 
-26.0 26.0 
-25.0 26.0 
-24.0 26.0 
-23.0 26.0 
-22.0 26.0 
-21.0 26.0 
-20.0 26.0 
-19.0 26.0 
-35.0 27.0 
-34.0 27.0 
-33.0 27.0 
-32.0 27.0 
-31.0 27.0 
-30.0 27.0 
-29.0 27.0 
-28.0 27.0 
-27.0 27.0 
-26.0 27.0 
-25.0 27.0 
-24.0 27.0 
-23.0 27.0 
-22.0 27.0 
-21.0 27.0 
-20.0 27.0 
-19.0 27.0 
-35.0 28.0 
-34.0 28.0 
-33.0 28.0 
-32.0 28.0 
-31.0 28.0 
-30.0 28.0 
-29.0 28.0 
-28.0 28.0 
-27.0 28.0 
-26.0 28.0 
-25.0 28.0 
-24.0 28.0 
-23.0 28.0 
-22.0 28.0 
-21.0 28.0 
-20.0 28.0 
-19.0 28.0 
-35.0 29.0 
-34.0 29.0 
-33.0 29.0 
-32.0 29.0 
-31.0 29.0 
-30.0 29.0 
-29.0 29.0 
-28.0 29.0 
-27.0 29.0 
-26.0 29.0 
-25.0 29.0 
-24.0 29.0 
-23.0 29.0 
-22.0 29.0 
-21.0 29.0 
-20.0 29.0 
-19.0 29.0 
-35.0 30.0 
-34.0 30.0 
-33.0 30.0 
-32.0 30.0 
-31.0 30.0 
-30.0 30.0 
-29.0 30.0 
-28.0 30.0 
-27.0 30.0 
-26.0 30.0 
-25.0 30.0 
-24.0 30.0 
-23.0 30.0 
-22.0 30.0 
-21.0 30.0 
-20.0 30.0 
-19.0 30.0 
-35.0 31.0 
-34.0 31.0 
-33.0 31.0 
-32.0 31.0 
-31.0 31.0 
-30.0 31.0 
-29.0 31.0 
-28.0 31.0 
-27.0 31.0 
-26.0 31.0 
-25.0 31.0 
-24.0 31.0 
-23.0 31.0 
-22.0 31.0 
-21.0 31.0 
-20.0 31.0 
-19.0 31.0 
-35.4 -29.4 
-34.4 -29.4 
-33.4 -29.4 
-32.4 -29.4 
-31.4 -29.4 
-30.4 -29.4 
-35.4 -28.4 
-34.4 -28.4 
-33.4 -28.4 
-32.4 -28.4 
-31.4 -28.4 
-30.4 -28.4 
-35.4 -27.4 
-34.4 -27.4 
-33.4 -27.4 
-32.4 -27.4 
-31.4 -27.4 
-30.4 -27.4 
-35.4 -26.4 
-34.4 -26.4 
-33.4 -26.4 
-32.4 -26.4 
-31.4 -26.4 
-30.4 -26.4 
-35.4 -25.4 
-34.4 -25.4 
-33.4 -25.4 
-32.4 -25.4 
-31.4 -25.4 
-30.4 -25.4 
-35.4 -24.4 
-34.4 -24.4 
-33.4 -24.4 
-32.4 -24.4 
-31.4 -24.4 
-30.4 -24.4 
-35.4 -23.4 
-34.4 -23.4 
-33.4 -23.4 
-32.4 -23.4 
-31.4 -23.4 
-30.4 -23.4 
-35.4 -22.4 
-34.4 -22.4 
-33.4 -22.4 
-32.4 -22.4 
-31.4 -22.4 
-30.4 -22.4 
-35.4 -21.4 
-34.4 -21.4 
-33.4 -21.4 
-32.4 -21.4 
-31.4 -21.4 
-30.4 -21.4 
-35.4 -20.4 
-34.4 -20.4 
-33.4 -20.4 
-32.4 -20.4 
-31.4 -20.4 
-30.4 -20.4 
-35.4 -19.4 
-34.4 -19.4 
-33.4 -19.4 
-32.4 -19.4 
-31.4 -19.4 
-30.4 -19.4 
-35.4 -18.4 
-34.4 -18.4 
-33.4 -18.4 
-32.4 -18.4 
-31.4 -18.4 
-30.4 -18.4 
-35.4 -17.4 
-34.4 -17.4 
-33.4 -17.4 
-32.4 -17.4 
-31.4 -17.4 
-30.4 -17.4 
-35.4 -16.4 
-34.4 -16.4 
-33.4 -16.4 
-32.4 -16.4 
-31.4 -16.4 
-30.4 -16.4 
-35.4 -15.399999999999999 
-34.4 -15.399999999999999 
-33.4 -15.399999999999999 
-32.4 -15.399999999999999 
-31.4 -15.399999999999999 
-30.4 -15.399999999999999 
-35.4 -14.399999999999999 
-34.4 -14.399999999999999 
-33.4 -14.399999999999999 
-32.4 -14.399999999999999 
-31.4 -14.399999999999999 
-30.4 -14.399999999999999 
-35.4 -13.399999999999999 
-34.4 -13.399999999999999 
-33.4 -13.399999999999999 
-32.4 -13.399999999999999 
-31.4 -13.399999999999999 
-30.4 -13.399999999999999 
-36.2 -35.0 
-35.2 -35.0 
-34.2 -35.0 
-33.2 -35.0 
-32.2 -35.0 
-31.200000000000003 -35.0 
-30.200000000000003 -35.0 
-29.200000000000003 -35.0 
-28.200000000000003 -35.0 
-27.200000000000003 -35.0 
-26.200000000000003 -35.0 
-25.200000000000003 -35.0 
-24.200000000000003 -35.0 
-23.200000000000003 -35.0 
-22.200000000000003 -35.0 
-21.200000000000003 -35.0 
-20.200000000000003 -35.0 
-19.200000000000003 -35.0 
-36.2 -34.0 
-35.2 -34.0 
-34.2 -34.0 
-33.2 -34.0 
-32.2 -34.0 
-31.200000000000003 -34.0 
-30.200000000000003 -34.0 
-29.200000000000003 -34.0 
-28.200000000000003 -34.0 
-27.200000000000003 -34.0 
-26.200000000000003 -34.0 
-25.200000000000003 -34.0 
-24.200000000000003 -34.0 
-23.200000000000003 -34.0 
-22.200000000000003 -34.0 
-21.200000000000003 -34.0 
-20.200000000000003 -34.0 
-19.200000000000003 -34.0 
-36.2 -33.0 
-35.2 -33.0 
-34.2 -33.0 
-33.2 -33.0 
-32.2 -33.0 
-31.200000000000003 -33.0 
-30.200000000000003 -33.0 
-29.200000000000003 -33.0 
-28.200000000000003 -33.0 
-27.200000000000003 -33.0 
-26.200000000000003 -33.0 
-25.200000000000003 -33.0 
-24.200000000000003 -33.0 
-23.200000000000003 -33.0 
-22.200000000000003 -33.0 
-21.200000000000003 -33.0 
-20.200000000000003 -33.0 
-19.200000000000003 -33.0 
-36.2 -32.0 
-35.2 -32.0 
-34.2 -32.0 
-33.2 -32.0 
-32.2 -32.0 
-31.200000000000003 -32.0 
-30.200000000000003 -32.0 
-29.200000000000003 -32.0 
-28.200000000000003 -32.0 
-27.200000000000003 -32.0 
-26.200000000000003 -32.0 
-25.200000000000003 -32.0 
-24.200000000000003 -32.0 
-23.200000000000003 -32.0 
-22.200000000000003 -32.0 
-21.200000000000003 -32.0 
-20.200000000000003 -32.0 
-19.200000000000003 -32.0 
-36.2 -31.0 
-35.2 -31.0 
-34.2 -31.0 
-33.2 -31.0 
-32.2 -31.0 
-31.200000000000003 -31.0 
-30.200000000000003 -31.0 
-29.200000000000003 -31.0 
-28.200000000000003 -31.0 
-27.200000000000003 -31.0 
-26.200000000000003 -31.0 
-25.200000000000003 -31.0 
-24.200000000000003 -31.0 
-23.200000000000003 -31.0 
-22.200000000000003 -31.0 
-21.200000000000003 -31.0 
-20.200000000000003 -31.0 
-19.200000000000003 -31.0 
-27.8 -27.4 
-26.8 -27.4 
-25.8 -27.4 
-24.8 -27.4 
-23.8 -27.4 
-22.8 -27.4 
-27.8 -26.4 
-26.8 -26.4 
-25.8 -26.4 
-24.8 -26.4 
-23.8 -26.4 
-22.8 -26.4 
-27.8 -25.4 
-26.8 -25.4 
-25.8 -25.4 
-24.8 -25.4 
-23.8 -25.4 
-22.8 -25.4 
-27.8 -24.4 
-26.8 -24.4 
-25.8 -24.4 
-24.8 -24.4 
-23.8 -24.4 
-22.8 -24.4 
-27.8 -23.4 
-26.8 -23.4 
-25.8 -23.4 
-24.8 -23.4 
-23.8 -23.4 
-22.8 -23.4 
-27.8 -22.4 
-26.8 -22.4 
-25.8 -22.4 
-24.8 -22.4 
-23.8 -22.4 
-22.8 -22.4 
-27.8 -21.4 
-26.8 -21.4 
-25.8 -21.4 
-24.8 -21.4 
-23.8 -21.4 
-22.8 -21.4 
-27.8 -20.4 
-26.8 -20.4 
-25.8 -20.4 
-24.8 -20.4 
-23.8 -20.4 
-22.8 -20.4 
-27.8 -19.4 
-26.8 -19.4 
-25.8 -19.4 
-24.8 -19.4 
-23.8 -19.4 
-22.8 -19.4 
-27.8 -18.4 
-26.8 -18.4 
-25.8 -18.4 
-24.8 -18.4 
-23.8 -18.4 
-22.8 -18.4 
-27.8 -17.4 
-26.8 -17.4 
-25.8 -17.4 
-24.8 -17.4 
-23.8 -17.4 
-22.8 -17.4 
-27.8 -16.4 
-26.8 -16.4 
-25.8 -16.4 
-24.8 -16.4 
-23.8 -16.4 
-22.8 -16.4 
-27.8 -15.399999999999999 
-26.8 -15.399999999999999 
-25.8 -15.399999999999999 
-24.8 -15.399999999999999 
-23.8 -15.399999999999999 
-22.8 -15.399999999999999 
-27.8 -14.399999999999999 
-26.8 -14.399999999999999 
-25.8 -14.399999999999999 
-24.8 -14.399999999999999 
-23.8 -14.399999999999999 
-22.8 -14.399999999999999 
-27.8 -13.399999999999999 
-26.8 -13.399999999999999 
-25.8 -13.399999999999999 
-24.8 -13.399999999999999 
-23.8 -13.399999999999999 
-22.8 -13.399999999999999 
-27.8 -12.399999999999999 
-26.8 -12.399999999999999 
-25.8 -12.399999999999999 
-24.8 -12.399999999999999 
-23.8 -12.399999999999999 
-22.8 -12.399999999999999 
-27.8 -11.399999999999999 
-26.8 -11.399999999999999 
-25.8 -11.399999999999999 
-24.8 -11.399999999999999 
-23.8 -11.399999999999999 
-22.8 -11.399999999999999 
13.5 8.0 
14.5 8.0 
15.5 8.0 
16.5 8.0 
17.5 8.0 
18.5 8.0 
19.5 8.0 
20.5 8.0 
21.5 8.0 
22.5 8.0 
23.5 8.0 
24.5 8.0 
25.5 8.0 
26.5 8.0 
27.5 8.0 
28.5 8.0 
29.5 8.0 
30.5 8.0 
31.5 8.0 
32.5 8.0 
33.5 8.0 
13.5 9.0 
14.5 9.0 
15.5 9.0 
16.5 9.0 
17.5 9.0 
18.5 9.0 
19.5 9.0 
20.5 9.0 
21.5 9.0 
22.5 9.0 
23.5 9.0 
24.5 9.0 
25.5 9.0 
26.5 9.0 
27.5 9.0 
28.5 9.0 
29.5 9.0 
30.5 9.0 
31.5 9.0 
32.5 9.0 
33.5 9.0 
13.5 10.0 
14.5 10.0 
15.5 10.0 
16.5 10.0 
17.5 10.0 
18.5 10.0 
19.5 10.0 
20.5 10.0 
21.5 10.0 
22.5 10.0 
23.5 10.0 
24.5 10.0 
25.5 10.0 
26.5 10.0 
27.5 10.0 
28.5 10.0 
29.5 10.0 
30.5 10.0 
31.5 10.0 
32.5 10.0 
33.5 10.0 
13.5 11.0 
14.5 11.0 
15.5 11.0 
16.5 11.0 
17.5 11.0 
18.5 11.0 
19.5 11.0 
20.5 11.0 
21.5 11.0 
22.5 11.0 
23.5 11.0 
24.5 11.0 
25.5 11.0 
26.5 11.0 
27.5 11.0 
28.5 11.0 
29.5 11.0 
30.5 11.0 
31.5 11.0 
32.5 11.0 
33.5 11.0 
13.5 12.0 
14.5 12.0 
15.5 12.0 
16.5 12.0 
17.5 12.0 
18.5 12.0 
19.5 12.0 
20.5 12.0 
21.5 12.0 
22.5 12.0 
23.5 12.0 
24.5 12.0 
25.5 12.0 
26.5 12.0 
27.5 12.0 
28.5 12.0 
29.5 12.0 
30.5 12.0 
31.5 12.0 
32.5 12.0 
33.5 12.0 
13.5 13.0 
14.5 13.0 
15.5 13.0 
16.5 13.0 
17.5 13.0 
18.5 13.0 
19.5 13.0 
20.5 13.0 
21.5 13.0 
22.5 13.0 
23.5 13.0 
24.5 13.0 
25.5 13.0 
26.5 13.0 
27.5 13.0 
28.5 13.0 
29.5 13.0 
30.5 13.0 
31.5 13.0 
32.5 13.0 
33.5 13.0 
13.5 14.0 
14.5 14.0 
15.5 14.0 
16.5 14.0 
17.5 14.0 
18.5 14.0 
19.5 14.0 
20.5 14.0 
21.5 14.0 
22.5 14.0 
23.5 14.0 
24.5 14.0 
25.5 14.0 
26.5 14.0 
27.5 14.0 
28.5 14.0 
29.5 14.0 
30.5 14.0 
31.5 14.0 
32.5 14.0 
33.5 14.0 
13.5 15.0 
14.5 15.0 
15.5 15.0 
16.5 15.0 
17.5 15.0 
18.5 15.0 
19.5 15.0 
20.5 15.0 
21.5 15.0 
22.5 15.0 
23.5 15.0 
24.5 15.0 
25.5 15.0 
26.5 15.0 
27.5 15.0 
28.5 15.0 
29.5 15.0 
30.5 15.0 
31.5 15.0 
32.5 15.0 
33.5 15.0 
13.5 16.0 
14.5 16.0 
15.5 16.0 
16.5 16.0 
17.5 16.0 
18.5 16.0 
19.5 16.0 
20.5 16.0 
21.5 16.0 
22.5 16.0 
23.5 16.0 
24.5 16.0 
25.5 16.0 
26.5 16.0 
27.5 16.0 
28.5 16.0 
29.5 16.0 
30.5 16.0 
31.5 16.0 
32.5 16.0 
33.5 16.0 
13.5 17.0 
14.5 17.0 
15.5 17.0 
16.5 17.0 
17.5 17.0 
18.5 17.0 
19.5 17.0 
20.5 17.0 
21.5 17.0 
22.5 17.0 
23.5 17.0 
24.5 17.0 
25.5 17.0 
26.5 17.0 
27.5 17.0 
28.5 17.0 
29.5 17.0 
30.5 17.0 
31.5 17.0 
32.5 17.0 
33.5 17.0 
13.5 18.0 
14.5 18.0 
15.5 18.0 
16.5 18.0 
17.5 18.0 
18.5 18.0 
19.5 18.0 
20.5 18.0 
21.5 18.0 
22.5 18.0 
23.5 18.0 
24.5 18.0 
25.5 18.0 
26.5 18.0 
27.5 18.0 
28.5 18.0 
29.5 18.0 
30.5 18.0 
31.5 18.0 
32.5 18.0 
33.5 18.0 
13.5 19.0 
14.5 19.0 
15.5 19.0 
16.5 19.0 
17.5 19.0 
18.5 19.0 
19.5 19.0 
20.5 19.0 
21.5 19.0 
22.5 19.0 
23.5 19.0 
24.5 19.0 
25.5 19.0 
26.5 19.0 
27.5 19.0 
28.5 19.0 
29.5 19.0 
30.5 19.0 
31.5 19.0 
32.5 19.0 
33.5 19.0 
13.5 20.0 
14.5 20.0 
15.5 20.0 
16.5 20.0 
17.5 20.0 
18.5 20.0 
19.5 20.0 
20.5 20.0 
21.5 20.0 
22.5 20.0 
23.5 20.0 
24.5 20.0 
25.5 20.0 
26.5 20.0 
27.5 20.0 
28.5 20.0 
29.5 20.0 
30.5 20.0 
31.5 20.0 
32.5 20.0 
33.5 20.0 
13.5 21.0 
14.5 21.0 
15.5 21.0 
16.5 21.0 
17.5 21.0 
18.5 21.0 
19.5 21.0 
20.5 21.0 
21.5 21.0 
22.5 21.0 
23.5 21.0 
24.5 21.0 
25.5 21.0 
26.5 21.0 
27.5 21.0 
28.5 21.0 
29.5 21.0 
30.5 21.0 
31.5 21.0 
32.5 21.0 
33.5 21.0 
13.5 22.0 
14.5 22.0 
15.5 22.0 
16.5 22.0 
17.5 22.0 
18.5 22.0 
19.5 22.0 
20.5 22.0 
21.5 22.0 
22.5 22.0 
23.5 22.0 
24.5 22.0 
25.5 22.0 
26.5 22.0 
27.5 22.0 
28.5 22.0 
29.5 22.0 
30.5 22.0 
31.5 22.0 
32.5 22.0 
33.5 22.0 
48.5 2.0 
49.5 2.0 
50.5 2.0 
51.5 2.0 
52.5 2.0 
53.5 2.0 
54.5 2.0 
55.5 2.0 
56.5 2.0 
57.5 2.0 
58.5 2.0 
59.5 2.0 
60.5 2.0 
61.5 2.0 
62.5 2.0 
63.5 2.0 
64.5 2.0 
65.5 2.0 
66.5 2.0 
67.5 2.0 
68.5 2.0 
69.5 2.0 
70.5 2.0 
71.5 2.0 
72.5 2.0 
73.5 2.0 
74.5 2.0 
75.5 2.0 
76.5 2.0 
77.5 2.0 
78.5 2.0 
48.5 3.0 
49.5 3.0 
50.5 3.0 
51.5 3.0 
52.5 3.0 
53.5 3.0 
54.5 3.0 
55.5 3.0 
56.5 3.0 
57.5 3.0 
58.5 3.0 
59.5 3.0 
60.5 3.0 
61.5 3.0 
62.5 3.0 
63.5 3.0 
64.5 3.0 
65.5 3.0 
66.5 3.0 
67.5 3.0 
68.5 3.0 
69.5 3.0 
70.5 3.0 
71.5 3.0 
72.5 3.0 
73.5 3.0 
74.5 3.0 
75.5 3.0 
76.5 3.0 
77.5 3.0 
78.5 3.0 
48.5 4.0 
49.5 4.0 
50.5 4.0 
51.5 4.0 
52.5 4.0 
53.5 4.0 
54.5 4.0 
55.5 4.0 
56.5 4.0 
57.5 4.0 
58.5 4.0 
59.5 4.0 
60.5 4.0 
61.5 4.0 
62.5 4.0 
63.5 4.0 
64.5 4.0 
65.5 4.0 
66.5 4.0 
67.5 4.0 
68.5 4.0 
69.5 4.0 
70.5 4.0 
71.5 4.0 
72.5 4.0 
73.5 4.0 
74.5 4.0 
75.5 4.0 
76.5 4.0 
77.5 4.0 
78.5 4.0 
48.5 5.0 
49.5 5.0 
50.5 5.0 
51.5 5.0 
52.5 5.0 
53.5 5.0 
54.5 5.0 
55.5 5.0 
56.5 5.0 
57.5 5.0 
58.5 5.0 
59.5 5.0 
60.5 5.0 
61.5 5.0 
62.5 5.0 
63.5 5.0 
64.5 5.0 
65.5 5.0 
66.5 5.0 
67.5 5.0 
68.5 5.0 
69.5 5.0 
70.5 5.0 
71.5 5.0 
72.5 5.0 
73.5 5.0 
74.5 5.0 
75.5 5.0 
76.5 5.0 
77.5 5.0 
78.5 5.0 
48.5 6.0 
49.5 6.0 
50.5 6.0 
51.5 6.0 
52.5 6.0 
53.5 6.0 
54.5 6.0 
55.5 6.0 
56.5 6.0 
57.5 6.0 
58.5 6.0 
59.5 6.0 
60.5 6.0 
61.5 6.0 
62.5 6.0 
63.5 6.0 
64.5 6.0 
65.5 6.0 
66.5 6.0 
67.5 6.0 
68.5 6.0 
69.5 6.0 
70.5 6.0 
71.5 6.0 
72.5 6.0 
73.5 6.0 
74.5 6.0 
75.5 6.0 
76.5 6.0 
77.5 6.0 
78.5 6.0 
48.5 7.0 
49.5 7.0 
50.5 7.0 
51.5 7.0 
52.5 7.0 
53.5 7.0 
54.5 7.0 
55.5 7.0 
56.5 7.0 
57.5 7.0 
58.5 7.0 
59.5 7.0 
60.5 7.0 
61.5 7.0 
62.5 7.0 
63.5 7.0 
64.5 7.0 
65.5 7.0 
66.5 7.0 
67.5 7.0 
68.5 7.0 
69.5 7.0 
70.5 7.0 
71.5 7.0 
72.5 7.0 
73.5 7.0 
74.5 7.0 
75.5 7.0 
76.5 7.0 
77.5 7.0 
78.5 7.0 
48.5 8.0 
49.5 8.0 
50.5 8.0 
51.5 8.0 
52.5 8.0 
53.5 8.0 
54.5 8.0 
55.5 8.0 
56.5 8.0 
57.5 8.0 
58.5 8.0 
59.5 8.0 
60.5 8.0 
61.5 8.0 
62.5 8.0 
63.5 8.0 
64.5 8.0 
65.5 8.0 
66.5 8.0 
67.5 8.0 
68.5 8.0 
69.5 8.0 
70.5 8.0 
71.5 8.0 
72.5 8.0 
73.5 8.0 
74.5 8.0 
75.5 8.0 
76.5 8.0 
77.5 8.0 
78.5 8.0 
48.5 9.0 
49.5 9.0 
50.5 9.0 
51.5 9.0 
52.5 9.0 
53.5 9.0 
54.5 9.0 
55.5 9.0 
56.5 9.0 
57.5 9.0 
58.5 9.0 
59.5 9.0 
60.5 9.0 
61.5 9.0 
62.5 9.0 
63.5 9.0 
64.5 9.0 
65.5 9.0 
66.5 9.0 
67.5 9.0 
68.5 9.0 
69.5 9.0 
70.5 9.0 
71.5 9.0 
72.5 9.0 
73.5 9.0 
74.5 9.0 
75.5 9.0 
76.5 9.0 
77.5 9.0 
78.5 9.0 
48.5 10.0 
49.5 10.0 
50.5 10.0 
51.5 10.0 
52.5 10.0 
53.5 10.0 
54.5 10.0 
55.5 10.0 
56.5 10.0 
57.5 10.0 
58.5 10.0 
59.5 10.0 
60.5 10.0 
61.5 10.0 
62.5 10.0 
63.5 10.0 
64.5 10.0 
65.5 10.0 
66.5 10.0 
67.5 10.0 
68.5 10.0 
69.5 10.0 
70.5 10.0 
71.5 10.0 
72.5 10.0 
73.5 10.0 
74.5 10.0 
75.5 10.0 
76.5 10.0 
77.5 10.0 
78.5 10.0 
48.5 11.0 
49.5 11.0 
50.5 11.0 
51.5 11.0 
52.5 11.0 
53.5 11.0 
54.5 11.0 
55.5 11.0 
56.5 11.0 
57.5 11.0 
58.5 11.0 
59.5 11.0 
60.5 11.0 
61.5 11.0 
62.5 11.0 
63.5 11.0 
64.5 11.0 
65.5 11.0 
66.5 11.0 
67.5 11.0 
68.5 11.0 
69.5 11.0 
70.5 11.0 
71.5 11.0 
72.5 11.0 
73.5 11.0 
74.5 11.0 
75.5 11.0 
76.5 11.0 
77.5 11.0 
78.5 11.0 
48.5 12.0 
49.5 12.0 
50.5 12.0 
51.5 12.0 
52.5 12.0 
53.5 12.0 
54.5 12.0 
55.5 12.0 
56.5 12.0 
57.5 12.0 
58.5 12.0 
59.5 12.0 
60.5 12.0 
61.5 12.0 
62.5 12.0 
63.5 12.0 
64.5 12.0 
65.5 12.0 
66.5 12.0 
67.5 12.0 
68.5 12.0 
69.5 12.0 
70.5 12.0 
71.5 12.0 
72.5 12.0 
73.5 12.0 
74.5 12.0 
75.5 12.0 
76.5 12.0 
77.5 12.0 
78.5 12.0 
48.5 13.0 
49.5 13.0 
50.5 13.0 
51.5 13.0 
52.5 13.0 
53.5 13.0 
54.5 13.0 
55.5 13.0 
56.5 13.0 
57.5 13.0 
58.5 13.0 
59.5 13.0 
60.5 13.0 
61.5 13.0 
62.5 13.0 
63.5 13.0 
64.5 13.0 
65.5 13.0 
66.5 13.0 
67.5 13.0 
68.5 13.0 
69.5 13.0 
70.5 13.0 
71.5 13.0 
72.5 13.0 
73.5 13.0 
74.5 13.0 
75.5 13.0 
76.5 13.0 
77.5 13.0 
78.5 13.0 
48.5 14.0 
49.5 14.0 
50.5 14.0 
51.5 14.0 
52.5 14.0 
53.5 14.0 
54.5 14.0 
55.5 14.0 
56.5 14.0 
57.5 14.0 
58.5 14.0 
59.5 14.0 
60.5 14.0 
61.5 14.0 
62.5 14.0 
63.5 14.0 
64.5 14.0 
65.5 14.0 
66.5 14.0 
67.5 14.0 
68.5 14.0 
69.5 14.0 
70.5 14.0 
71.5 14.0 
72.5 14.0 
73.5 14.0 
74.5 14.0 
75.5 14.0 
76.5 14.0 
77.5 14.0 
78.5 14.0 
48.5 15.0 
49.5 15.0 
50.5 15.0 
51.5 15.0 
52.5 15.0 
53.5 15.0 
54.5 15.0 
55.5 15.0 
56.5 15.0 
57.5 15.0 
58.5 15.0 
59.5 15.0 
60.5 15.0 
61.5 15.0 
62.5 15.0 
63.5 15.0 
64.5 15.0 
65.5 15.0 
66.5 15.0 
67.5 15.0 
68.5 15.0 
69.5 15.0 
70.5 15.0 
71.5 15.0 
72.5 15.0 
73.5 15.0 
74.5 15.0 
75.5 15.0 
76.5 15.0 
77.5 15.0 
78.5 15.0 
48.5 16.0 
49.5 16.0 
50.5 16.0 
51.5 16.0 
52.5 16.0 
53.5 16.0 
54.5 16.0 
55.5 16.0 
56.5 16.0 
57.5 16.0 
58.5 16.0 
59.5 16.0 
60.5 16.0 
61.5 16.0 
62.5 16.0 
63.5 16.0 
64.5 16.0 
65.5 16.0 
66.5 16.0 
67.5 16.0 
68.5 16.0 
69.5 16.0 
70.5 16.0 
71.5 16.0 
72.5 16.0 
73.5 16.0 
74.5 16.0 
75.5 16.0 
76.5 16.0 
77.5 16.0 
78.5 16.0 
48.5 17.0 
49.5 17.0 
50.5 17.0 
51.5 17.0 
52.5 17.0 
53.5 17.0 
54.5 17.0 
55.5 17.0 
56.5 17.0 
57.5 17.0 
58.5 17.0 
59.5 17.0 
60.5 17.0 
61.5 17.0 
62.5 17.0 
63.5 17.0 
64.5 17.0 
65.5 17.0 
66.5 17.0 
67.5 17.0 
68.5 17.0 
69.5 17.0 
70.5 17.0 
71.5 17.0 
72.5 17.0 
73.5 17.0 
74.5 17.0 
75.5 17.0 
76.5 17.0 
77.5 17.0 
78.5 17.0 
48.5 18.0 
49.5 18.0 
50.5 18.0 
51.5 18.0 
52.5 18.0 
53.5 18.0 
54.5 18.0 
55.5 18.0 
56.5 18.0 
57.5 18.0 
58.5 18.0 
59.5 18.0 
60.5 18.0 
61.5 18.0 
62.5 18.0 
63.5 18.0 
64.5 18.0 
65.5 18.0 
66.5 18.0 
67.5 18.0 
68.5 18.0 
69.5 18.0 
70.5 18.0 
71.5 18.0 
72.5 18.0 
73.5 18.0 
74.5 18.0 
75.5 18.0 
76.5 18.0 
77.5 18.0 
78.5 18.0 
48.5 19.0 
49.5 19.0 
50.5 19.0 
51.5 19.0 
52.5 19.0 
53.5 19.0 
54.5 19.0 
55.5 19.0 
56.5 19.0 
57.5 19.0 
58.5 19.0 
59.5 19.0 
60.5 19.0 
61.5 19.0 
62.5 19.0 
63.5 19.0 
64.5 19.0 
65.5 19.0 
66.5 19.0 
67.5 19.0 
68.5 19.0 
69.5 19.0 
70.5 19.0 
71.5 19.0 
72.5 19.0 
73.5 19.0 
74.5 19.0 
75.5 19.0 
76.5 19.0 
77.5 19.0 
78.5 19.0 
48.5 20.0 
49.5 20.0 
50.5 20.0 
51.5 20.0 
52.5 20.0 
53.5 20.0 
54.5 20.0 
55.5 20.0 
56.5 20.0 
57.5 20.0 
58.5 20.0 
59.5 20.0 
60.5 20.0 
61.5 20.0 
62.5 20.0 
63.5 20.0 
64.5 20.0 
65.5 20.0 
66.5 20.0 
67.5 20.0 
68.5 20.0 
69.5 20.0 
70.5 20.0 
71.5 20.0 
72.5 20.0 
73.5 20.0 
74.5 20.0 
75.5 20.0 
76.5 20.0 
77.5 20.0 
78.5 20.0 
48.5 21.0 
49.5 21.0 
50.5 21.0 
51.5 21.0 
52.5 21.0 
53.5 21.0 
54.5 21.0 
55.5 21.0 
56.5 21.0 
57.5 21.0 
58.5 21.0 
59.5 21.0 
60.5 21.0 
61.5 21.0 
62.5 21.0 
63.5 21.0 
64.5 21.0 
65.5 21.0 
66.5 21.0 
67.5 21.0 
68.5 21.0 
69.5 21.0 
70.5 21.0 
71.5 21.0 
72.5 21.0 
73.5 21.0 
74.5 21.0 
75.5 21.0 
76.5 21.0 
77.5 21.0 
78.5 21.0 
48.5 22.0 
49.5 22.0 
50.5 22.0 
51.5 22.0 
52.5 22.0 
53.5 22.0 
54.5 22.0 
55.5 22.0 
56.5 22.0 
57.5 22.0 
58.5 22.0 
59.5 22.0 
60.5 22.0 
61.5 22.0 
62.5 22.0 
63.5 22.0 
64.5 22.0 
65.5 22.0 
66.5 22.0 
67.5 22.0 
68.5 22.0 
69.5 22.0 
70.5 22.0 
71.5 22.0 
72.5 22.0 
73.5 22.0 
74.5 22.0 
75.5 22.0 
76.5 22.0 
77.5 22.0 
78.5 22.0 
48.5 23.0 
49.5 23.0 
50.5 23.0 
51.5 23.0 
52.5 23.0 
53.5 23.0 
54.5 23.0 
55.5 23.0 
56.5 23.0 
57.5 23.0 
58.5 23.0 
59.5 23.0 
60.5 23.0 
61.5 23.0 
62.5 23.0 
63.5 23.0 
64.5 23.0 
65.5 23.0 
66.5 23.0 
67.5 23.0 
68.5 23.0 
69.5 23.0 
70.5 23.0 
71.5 23.0 
72.5 23.0 
73.5 23.0 
74.5 23.0 
75.5 23.0 
76.5 23.0 
77.5 23.0 
78.5 23.0 
48.5 24.0 
49.5 24.0 
50.5 24.0 
51.5 24.0 
52.5 24.0 
53.5 24.0 
54.5 24.0 
55.5 24.0 
56.5 24.0 
57.5 24.0 
58.5 24.0 
59.5 24.0 
60.5 24.0 
61.5 24.0 
62.5 24.0 
63.5 24.0 
64.5 24.0 
65.5 24.0 
66.5 24.0 
67.5 24.0 
68.5 24.0 
69.5 24.0 
70.5 24.0 
71.5 24.0 
72.5 24.0 
73.5 24.0 
74.5 24.0 
75.5 24.0 
76.5 24.0 
77.5 24.0 
78.5 24.0 
48.5 25.0 
49.5 25.0 
50.5 25.0 
51.5 25.0 
52.5 25.0 
53.5 25.0 
54.5 25.0 
55.5 25.0 
56.5 25.0 
57.5 25.0 
58.5 25.0 
59.5 25.0 
60.5 25.0 
61.5 25.0 
62.5 25.0 
63.5 25.0 
64.5 25.0 
65.5 25.0 
66.5 25.0 
67.5 25.0 
68.5 25.0 
69.5 25.0 
70.5 25.0 
71.5 25.0 
72.5 25.0 
73.5 25.0 
74.5 25.0 
75.5 25.0 
76.5 25.0 
77.5 25.0 
78.5 25.0 
48.5 26.0 
49.5 26.0 
50.5 26.0 
51.5 26.0 
52.5 26.0 
53.5 26.0 
54.5 26.0 
55.5 26.0 
56.5 26.0 
57.5 26.0 
58.5 26.0 
59.5 26.0 
60.5 26.0 
61.5 26.0 
62.5 26.0 
63.5 26.0 
64.5 26.0 
65.5 26.0 
66.5 26.0 
67.5 26.0 
68.5 26.0 
69.5 26.0 
70.5 26.0 
71.5 26.0 
72.5 26.0 
73.5 26.0 
74.5 26.0 
75.5 26.0 
76.5 26.0 
77.5 26.0 
78.5 26.0 
87.5 -22.5 
88.5 -22.5 
89.5 -22.5 
90.5 -22.5 
91.5 -22.5 
92.5 -22.5 
93.5 -22.5 
94.5 -22.5 
95.5 -22.5 
96.5 -22.5 
97.5 -22.5 
98.5 -22.5 
99.5 -22.5 
100.5 -22.5 
101.5 -22.5 
102.5 -22.5 
103.5 -22.5 
87.5 -21.5 
88.5 -21.5 
89.5 -21.5 
90.5 -21.5 
91.5 -21.5 
92.5 -21.5 
93.5 -21.5 
94.5 -21.5 
95.5 -21.5 
96.5 -21.5 
97.5 -21.5 
98.5 -21.5 
99.5 -21.5 
100.5 -21.5 
101.5 -21.5 
102.5 -21.5 
103.5 -21.5 
87.5 -20.5 
88.5 -20.5 
89.5 -20.5 
90.5 -20.5 
91.5 -20.5 
92.5 -20.5 
93.5 -20.5 
94.5 -20.5 
95.5 -20.5 
96.5 -20.5 
97.5 -20.5 
98.5 -20.5 
99.5 -20.5 
100.5 -20.5 
101.5 -20.5 
102.5 -20.5 
103.5 -20.5 
87.5 -19.5 
88.5 -19.5 
89.5 -19.5 
90.5 -19.5 
91.5 -19.5 
92.5 -19.5 
93.5 -19.5 
94.5 -19.5 
95.5 -19.5 
96.5 -19.5 
97.5 -19.5 
98.5 -19.5 
99.5 -19.5 
100.5 -19.5 
101.5 -19.5 
102.5 -19.5 
103.5 -19.5 
87.5 -18.5 
88.5 -18.5 
89.5 -18.5 
90.5 -18.5 
91.5 -18.5 
92.5 -18.5 
93.5 -18.5 
94.5 -18.5 
95.5 -18.5 
96.5 -18.5 
97.5 -18.5 
98.5 -18.5 
99.5 -18.5 
100.5 -18.5 
101.5 -18.5 
102.5 -18.5 
103.5 -18.5 
87.5 -17.5 
88.5 -17.5 
89.5 -17.5 
90.5 -17.5 
91.5 -17.5 
92.5 -17.5 
93.5 -17.5 
94.5 -17.5 
95.5 -17.5 
96.5 -17.5 
97.5 -17.5 
98.5 -17.5 
99.5 -17.5 
100.5 -17.5 
101.5 -17.5 
102.5 -17.5 
103.5 -17.5 
87.5 -16.5 
88.5 -16.5 
89.5 -16.5 
90.5 -16.5 
91.5 -16.5 
92.5 -16.5 
93.5 -16.5 
94.5 -16.5 
95.5 -16.5 
96.5 -16.5 
97.5 -16.5 
98.5 -16.5 
99.5 -16.5 
100.5 -16.5 
101.5 -16.5 
102.5 -16.5 
103.5 -16.5 
87.5 -15.5 
88.5 -15.5 
89.5 -15.5 
90.5 -15.5 
91.5 -15.5 
92.5 -15.5 
93.5 -15.5 
94.5 -15.5 
95.5 -15.5 
96.5 -15.5 
97.5 -15.5 
98.5 -15.5 
99.5 -15.5 
100.5 -15.5 
101.5 -15.5 
102.5 -15.5 
103.5 -15.5 
87.5 -14.5 
88.5 -14.5 
89.5 -14.5 
90.5 -14.5 
91.5 -14.5 
92.5 -14.5 
93.5 -14.5 
94.5 -14.5 
95.5 -14.5 
96.5 -14.5 
97.5 -14.5 
98.5 -14.5 
99.5 -14.5 
100.5 -14.5 
101.5 -14.5 
102.5 -14.5 
103.5 -14.5 
87.5 -13.5 
88.5 -13.5 
89.5 -13.5 
90.5 -13.5 
91.5 -13.5 
92.5 -13.5 
93.5 -13.5 
94.5 -13.5 
95.5 -13.5 
96.5 -13.5 
97.5 -13.5 
98.5 -13.5 
99.5 -13.5 
100.5 -13.5 
101.5 -13.5 
102.5 -13.5 
103.5 -13.5 
87.5 -12.5 
88.5 -12.5 
89.5 -12.5 
90.5 -12.5 
91.5 -12.5 
92.5 -12.5 
93.5 -12.5 
94.5 -12.5 
95.5 -12.5 
96.5 -12.5 
97.5 -12.5 
98.5 -12.5 
99.5 -12.5 
100.5 -12.5 
101.5 -12.5 
102.5 -12.5 
103.5 -12.5 
87.5 -11.5 
88.5 -11.5 
89.5 -11.5 
90.5 -11.5 
91.5 -11.5 
92.5 -11.5 
93.5 -11.5 
94.5 -11.5 
95.5 -11.5 
96.5 -11.5 
97.5 -11.5 
98.5 -11.5 
99.5 -11.5 
100.5 -11.5 
101.5 -11.5 
102.5 -11.5 
103.5 -11.5 
81.5 20.5 
82.5 20.5 
83.5 20.5 
84.5 20.5 
85.5 20.5 
86.5 20.5 
87.5 20.5 
88.5 20.5 
89.5 20.5 
90.5 20.5 
91.5 20.5 
92.5 20.5 
93.5 20.5 
94.5 20.5 
95.5 20.5 
96.5 20.5 
97.5 20.5 
98.5 20.5 
99.5 20.5 
81.5 21.5 
82.5 21.5 
83.5 21.5 
84.5 21.5 
85.5 21.5 
86.5 21.5 
87.5 21.5 
88.5 21.5 
89.5 21.5 
90.5 21.5 
91.5 21.5 
92.5 21.5 
93.5 21.5 
94.5 21.5 
95.5 21.5 
96.5 21.5 
97.5 21.5 
98.5 21.5 
99.5 21.5 
81.5 22.5 
82.5 22.5 
83.5 22.5 
84.5 22.5 
85.5 22.5 
86.5 22.5 
87.5 22.5 
88.5 22.5 
89.5 22.5 
90.5 22.5 
91.5 22.5 
92.5 22.5 
93.5 22.5 
94.5 22.5 
95.5 22.5 
96.5 22.5 
97.5 22.5 
98.5 22.5 
99.5 22.5 
81.5 23.5 
82.5 23.5 
83.5 23.5 
84.5 23.5 
85.5 23.5 
86.5 23.5 
87.5 23.5 
88.5 23.5 
89.5 23.5 
90.5 23.5 
91.5 23.5 
92.5 23.5 
93.5 23.5 
94.5 23.5 
95.5 23.5 
96.5 23.5 
97.5 23.5 
98.5 23.5 
99.5 23.5 
81.5 24.5 
82.5 24.5 
83.5 24.5 
84.5 24.5 
85.5 24.5 
86.5 24.5 
87.5 24.5 
88.5 24.5 
89.5 24.5 
90.5 24.5 
91.5 24.5 
92.5 24.5 
93.5 24.5 
94.5 24.5 
95.5 24.5 
96.5 24.5 
97.5 24.5 
98.5 24.5 
99.5 24.5 
81.5 25.5 
82.5 25.5 
83.5 25.5 
84.5 25.5 
85.5 25.5 
86.5 25.5 
87.5 25.5 
88.5 25.5 
89.5 25.5 
90.5 25.5 
91.5 25.5 
92.5 25.5 
93.5 25.5 
94.5 25.5 
95.5 25.5 
96.5 25.5 
97.5 25.5 
98.5 25.5 
99.5 25.5 
81.5 26.5 
82.5 26.5 
83.5 26.5 
84.5 26.5 
85.5 26.5 
86.5 26.5 
87.5 26.5 
88.5 26.5 
89.5 26.5 
90.5 26.5 
91.5 26.5 
92.5 26.5 
93.5 26.5 
94.5 26.5 
95.5 26.5 
96.5 26.5 
97.5 26.5 
98.5 26.5 
99.5 26.5 
81.5 27.5 
82.5 27.5 
83.5 27.5 
84.5 27.5 
85.5 27.5 
86.5 27.5 
87.5 27.5 
88.5 27.5 
89.5 27.5 
90.5 27.5 
91.5 27.5 
92.5 27.5 
93.5 27.5 
94.5 27.5 
95.5 27.5 
96.5 27.5 
97.5 27.5 
98.5 27.5 
99.5 27.5 
81.5 28.5 
82.5 28.5 
83.5 28.5 
84.5 28.5 
85.5 28.5 
86.5 28.5 
87.5 28.5 
88.5 28.5 
89.5 28.5 
90.5 28.5 
91.5 28.5 
92.5 28.5 
93.5 28.5 
94.5 28.5 
95.5 28.5 
96.5 28.5 
97.5 28.5 
98.5 28.5 
99.5 28.5 
81.5 29.5 
82.5 29.5 
83.5 29.5 
84.5 29.5 
85.5 29.5 
86.5 29.5 
87.5 29.5 
88.5 29.5 
89.5 29.5 
90.5 29.5 
91.5 29.5 
92.5 29.5 
93.5 29.5 
94.5 29.5 
95.5 29.5 
96.5 29.5 
97.5 29.5 
98.5 29.5 
99.5 29.5 
81.5 30.5 
82.5 30.5 
83.5 30.5 
84.5 30.5 
85.5 30.5 
86.5 30.5 
87.5 30.5 
88.5 30.5 
89.5 30.5 
90.5 30.5 
91.5 30.5 
92.5 30.5 
93.5 30.5 
94.5 30.5 
95.5 30.5 
96.5 30.5 
97.5 30.5 
98.5 30.5 
99.5 30.5 
81.5 31.5 
82.5 31.5 
83.5 31.5 
84.5 31.5 
85.5 31.5 
86.5 31.5 
87.5 31.5 
88.5 31.5 
89.5 31.5 
90.5 31.5 
91.5 31.5 
92.5 31.5 
93.5 31.5 
94.5 31.5 
95.5 31.5 
96.5 31.5 
97.5 31.5 
98.5 31.5 
99.5 31.5 
81.5 32.5 
82.5 32.5 
83.5 32.5 
84.5 32.5 
85.5 32.5 
86.5 32.5 
87.5 32.5 
88.5 32.5 
89.5 32.5 
90.5 32.5 
91.5 32.5 
92.5 32.5 
93.5 32.5 
94.5 32.5 
95.5 32.5 
96.5 32.5 
97.5 32.5 
98.5 32.5 
99.5 32.5 
81.5 33.5 
82.5 33.5 
83.5 33.5 
84.5 33.5 
85.5 33.5 
86.5 33.5 
87.5 33.5 
88.5 33.5 
89.5 33.5 
90.5 33.5 
91.5 33.5 
92.5 33.5 
93.5 33.5 
94.5 33.5 
95.5 33.5 
96.5 33.5 
97.5 33.5 
98.5 33.5 
99.5 33.5 
81.5 34.5 
82.5 34.5 
83.5 34.5 
84.5 34.5 
85.5 34.5 
86.5 34.5 
87.5 34.5 
88.5 34.5 
89.5 34.5 
90.5 34.5 
91.5 34.5 
92.5 34.5 
93.5 34.5 
94.5 34.5 
95.5 34.5 
96.5 34.5 
97.5 34.5 
98.5 34.5 
99.5 34.5 
81.5 35.5 
82.5 35.5 
83.5 35.5 
84.5 35.5 
85.5 35.5 
86.5 35.5 
87.5 35.5 
88.5 35.5 
89.5 35.5 
90.5 35.5 
91.5 35.5 
92.5 35.5 
93.5 35.5 
94.5 35.5 
95.5 35.5 
96.5 35.5 
97.5 35.5 
98.5 35.5 
99.5 35.5 
81.5 36.5 
82.5 36.5 
83.5 36.5 
84.5 36.5 
85.5 36.5 
86.5 36.5 
87.5 36.5 
88.5 36.5 
89.5 36.5 
90.5 36.5 
91.5 36.5 
92.5 36.5 
93.5 36.5 
94.5 36.5 
95.5 36.5 
96.5 36.5 
97.5 36.5 
98.5 36.5 
99.5 36.5 
81.5 37.5 
82.5 37.5 
83.5 37.5 
84.5 37.5 
85.5 37.5 
86.5 37.5 
87.5 37.5 
88.5 37.5 
89.5 37.5 
90.5 37.5 
91.5 37.5 
92.5 37.5 
93.5 37.5 
94.5 37.5 
95.5 37.5 
96.5 37.5 
97.5 37.5 
98.5 37.5 
99.5 37.5 
-5.5 -36.5 
-4.5 -36.5 
-3.5 -36.5 
-2.5 -36.5 
-1.5 -36.5 
-0.5 -36.5 
0.5 -36.5 
1.5 -36.5 
2.5 -36.5 
3.5 -36.5 
4.5 -36.5 
5.5 -36.5 
6.5 -36.5 
7.5 -36.5 
8.5 -36.5 
9.5 -36.5 
10.5 -36.5 
11.5 -36.5 
12.5 -36.5 
-5.5 -35.5 
-4.5 -35.5 
-3.5 -35.5 
-2.5 -35.5 
-1.5 -35.5 
-0.5 -35.5 
0.5 -35.5 
1.5 -35.5 
2.5 -35.5 
3.5 -35.5 
4.5 -35.5 
5.5 -35.5 
6.5 -35.5 
7.5 -35.5 
8.5 -35.5 
9.5 -35.5 
10.5 -35.5 
11.5 -35.5 
12.5 -35.5 
-5.5 -34.5 
-4.5 -34.5 
-3.5 -34.5 
-2.5 -34.5 
-1.5 -34.5 
-0.5 -34.5 
0.5 -34.5 
1.5 -34.5 
2.5 -34.5 
3.5 -34.5 
4.5 -34.5 
5.5 -34.5 
6.5 -34.5 
7.5 -34.5 
8.5 -34.5 
9.5 -34.5 
10.5 -34.5 
11.5 -34.5 
12.5 -34.5 
-5.5 -33.5 
-4.5 -33.5 
-3.5 -33.5 
-2.5 -33.5 
-1.5 -33.5 
-0.5 -33.5 
0.5 -33.5 
1.5 -33.5 
2.5 -33.5 
3.5 -33.5 
4.5 -33.5 
5.5 -33.5 
6.5 -33.5 
7.5 -33.5 
8.5 -33.5 
9.5 -33.5 
10.5 -33.5 
11.5 -33.5 
12.5 -33.5 
-5.5 -32.5 
-4.5 -32.5 
-3.5 -32.5 
-2.5 -32.5 
-1.5 -32.5 
-0.5 -32.5 
0.5 -32.5 
1.5 -32.5 
2.5 -32.5 
3.5 -32.5 
4.5 -32.5 
5.5 -32.5 
6.5 -32.5 
7.5 -32.5 
8.5 -32.5 
9.5 -32.5 
10.5 -32.5 
11.5 -32.5 
12.5 -32.5 
-5.5 -31.5 
-4.5 -31.5 
-3.5 -31.5 
-2.5 -31.5 
-1.5 -31.5 
-0.5 -31.5 
0.5 -31.5 
1.5 -31.5 
2.5 -31.5 
3.5 -31.5 
4.5 -31.5 
5.5 -31.5 
6.5 -31.5 
7.5 -31.5 
8.5 -31.5 
9.5 -31.5 
10.5 -31.5 
11.5 -31.5 
12.5 -31.5 
-5.5 -30.5 
-4.5 -30.5 
-3.5 -30.5 
-2.5 -30.5 
-1.5 -30.5 
-0.5 -30.5 
0.5 -30.5 
1.5 -30.5 
2.5 -30.5 
3.5 -30.5 
4.5 -30.5 
5.5 -30.5 
6.5 -30.5 
7.5 -30.5 
8.5 -30.5 
9.5 -30.5 
10.5 -30.5 
11.5 -30.5 
12.5 -30.5 
-5.5 -29.5 
-4.5 -29.5 
-3.5 -29.5 
-2.5 -29.5 
-1.5 -29.5 
-0.5 -29.5 
0.5 -29.5 
1.5 -29.5 
2.5 -29.5 
3.5 -29.5 
4.5 -29.5 
5.5 -29.5 
6.5 -29.5 
7.5 -29.5 
8.5 -29.5 
9.5 -29.5 
10.5 -29.5 
11.5 -29.5 
12.5 -29.5 
-5.5 -28.5 
-4.5 -28.5 
-3.5 -28.5 
-2.5 -28.5 
-1.5 -28.5 
-0.5 -28.5 
0.5 -28.5 
1.5 -28.5 
2.5 -28.5 
3.5 -28.5 
4.5 -28.5 
5.5 -28.5 
6.5 -28.5 
7.5 -28.5 
8.5 -28.5 
9.5 -28.5 
10.5 -28.5 
11.5 -28.5 
12.5 -28.5 
-5.5 -27.5 
-4.5 -27.5 
-3.5 -27.5 
-2.5 -27.5 
-1.5 -27.5 
-0.5 -27.5 
0.5 -27.5 
1.5 -27.5 
2.5 -27.5 
3.5 -27.5 
4.5 -27.5 
5.5 -27.5 
6.5 -27.5 
7.5 -27.5 
8.5 -27.5 
9.5 -27.5 
10.5 -27.5 
11.5 -27.5 
12.5 -27.5 
-5.5 -26.5 
-4.5 -26.5 
-3.5 -26.5 
-2.5 -26.5 
-1.5 -26.5 
-0.5 -26.5 
0.5 -26.5 
1.5 -26.5 
2.5 -26.5 
3.5 -26.5 
4.5 -26.5 
5.5 -26.5 
6.5 -26.5 
7.5 -26.5 
8.5 -26.5 
9.5 -26.5 
10.5 -26.5 
11.5 -26.5 
12.5 -26.5 
-5.5 -25.5 
-4.5 -25.5 
-3.5 -25.5 
-2.5 -25.5 
-1.5 -25.5 
-0.5 -25.5 
0.5 -25.5 
1.5 -25.5 
2.5 -25.5 
3.5 -25.5 
4.5 -25.5 
5.5 -25.5 
6.5 -25.5 
7.5 -25.5 
8.5 -25.5 
9.5 -25.5 
10.5 -25.5 
11.5 -25.5 
12.5 -25.5 
-5.5 -24.5 
-4.5 -24.5 
-3.5 -24.5 
-2.5 -24.5 
-1.5 -24.5 
-0.5 -24.5 
0.5 -24.5 
1.5 -24.5 
2.5 -24.5 
3.5 -24.5 
4.5 -24.5 
5.5 -24.5 
6.5 -24.5 
7.5 -24.5 
8.5 -24.5 
9.5 -24.5 
10.5 -24.5 
11.5 -24.5 
12.5 -24.5 
-5.5 -23.5 
-4.5 -23.5 
-3.5 -23.5 
-2.5 -23.5 
-1.5 -23.5 
-0.5 -23.5 
0.5 -23.5 
1.5 -23.5 
2.5 -23.5 
3.5 -23.5 
4.5 -23.5 
5.5 -23.5 
6.5 -23.5 
7.5 -23.5 
8.5 -23.5 
9.5 -23.5 
10.5 -23.5 
11.5 -23.5 
12.5 -23.5 
-5.5 -22.5 
-4.5 -22.5 
-3.5 -22.5 
-2.5 -22.5 
-1.5 -22.5 
-0.5 -22.5 
0.5 -22.5 
1.5 -22.5 
2.5 -22.5 
3.5 -22.5 
4.5 -22.5 
5.5 -22.5 
6.5 -22.5 
7.5 -22.5 
8.5 -22.5 
9.5 -22.5 
10.5 -22.5 
11.5 -22.5 
12.5 -22.5 
-5.5 -21.5 
-4.5 -21.5 
-3.5 -21.5 
-2.5 -21.5 
-1.5 -21.5 
-0.5 -21.5 
0.5 -21.5 
1.5 -21.5 
2.5 -21.5 
3.5 -21.5 
4.5 -21.5 
5.5 -21.5 
6.5 -21.5 
7.5 -21.5 
8.5 -21.5 
9.5 -21.5 
10.5 -21.5 
11.5 -21.5 
12.5 -21.5 
-5.5 -20.5 
-4.5 -20.5 
-3.5 -20.5 
-2.5 -20.5 
-1.5 -20.5 
-0.5 -20.5 
0.5 -20.5 
1.5 -20.5 
2.5 -20.5 
3.5 -20.5 
4.5 -20.5 
5.5 -20.5 
6.5 -20.5 
7.5 -20.5 
8.5 -20.5 
9.5 -20.5 
10.5 -20.5 
11.5 -20.5 
12.5 -20.5 
-5.5 -19.5 
-4.5 -19.5 
-3.5 -19.5 
-2.5 -19.5 
-1.5 -19.5 
-0.5 -19.5 
0.5 -19.5 
1.5 -19.5 
2.5 -19.5 
3.5 -19.5 
4.5 -19.5 
5.5 -19.5 
6.5 -19.5 
7.5 -19.5 
8.5 -19.5 
9.5 -19.5 
10.5 -19.5 
11.5 -19.5 
12.5 -19.5 
15.0 -30.0 
16.0 -30.0 
17.0 -30.0 
18.0 -30.0 
19.0 -30.0 
20.0 -30.0 
21.0 -30.0 
22.0 -30.0 
23.0 -30.0 
24.0 -30.0 
25.0 -30.0 
26.0 -30.0 
15.0 -29.0 
16.0 -29.0 
17.0 -29.0 
18.0 -29.0 
19.0 -29.0 
20.0 -29.0 
21.0 -29.0 
22.0 -29.0 
23.0 -29.0 
24.0 -29.0 
25.0 -29.0 
26.0 -29.0 
15.0 -28.0 
16.0 -28.0 
17.0 -28.0 
18.0 -28.0 
19.0 -28.0 
20.0 -28.0 
21.0 -28.0 
22.0 -28.0 
23.0 -28.0 
24.0 -28.0 
25.0 -28.0 
26.0 -28.0 
15.0 -27.0 
16.0 -27.0 
17.0 -27.0 
18.0 -27.0 
19.0 -27.0 
20.0 -27.0 
21.0 -27.0 
22.0 -27.0 
23.0 -27.0 
24.0 -27.0 
25.0 -27.0 
26.0 -27.0 
15.0 -26.0 
16.0 -26.0 
17.0 -26.0 
18.0 -26.0 
19.0 -26.0 
20.0 -26.0 
21.0 -26.0 
22.0 -26.0 
23.0 -26.0 
24.0 -26.0 
25.0 -26.0 
26.0 -26.0 
15.0 -25.0 
16.0 -25.0 
17.0 -25.0 
18.0 -25.0 
19.0 -25.0 
20.0 -25.0 
21.0 -25.0 
22.0 -25.0 
23.0 -25.0 
24.0 -25.0 
25.0 -25.0 
26.0 -25.0 
15.0 -24.0 
16.0 -24.0 
17.0 -24.0 
18.0 -24.0 
19.0 -24.0 
20.0 -24.0 
21.0 -24.0 
22.0 -24.0 
23.0 -24.0 
24.0 -24.0 
25.0 -24.0 
26.0 -24.0 
15.0 -23.0 
16.0 -23.0 
17.0 -23.0 
18.0 -23.0 
19.0 -23.0 
20.0 -23.0 
21.0 -23.0 
22.0 -23.0 
23.0 -23.0 
24.0 -23.0 
25.0 -23.0 
26.0 -23.0 
15.0 -22.0 
16.0 -22.0 
17.0 -22.0 
18.0 -22.0 
19.0 -22.0 
20.0 -22.0 
21.0 -22.0 
22.0 -22.0 
23.0 -22.0 
24.0 -22.0 
25.0 -22.0 
26.0 -22.0 
62.0 -19.0 
63.0 -19.0 
64.0 -19.0 
65.0 -19.0 
66.0 -19.0 
67.0 -19.0 
68.0 -19.0 
69.0 -19.0 
70.0 -19.0 
71.0 -19.0 
72.0 -19.0 
73.0 -19.0 
62.0 -18.0 
63.0 -18.0 
64.0 -18.0 
65.0 -18.0 
66.0 -18.0 
67.0 -18.0 
68.0 -18.0 
69.0 -18.0 
70.0 -18.0 
71.0 -18.0 
72.0 -18.0 
73.0 -18.0 
62.0 -17.0 
63.0 -17.0 
64.0 -17.0 
65.0 -17.0 
66.0 -17.0 
67.0 -17.0 
68.0 -17.0 
69.0 -17.0 
70.0 -17.0 
71.0 -17.0 
72.0 -17.0 
73.0 -17.0 
62.0 -16.0 
63.0 -16.0 
64.0 -16.0 
65.0 -16.0 
66.0 -16.0 
67.0 -16.0 
68.0 -16.0 
69.0 -16.0 
70.0 -16.0 
71.0 -16.0 
72.0 -16.0 
73.0 -16.0 
62.0 -15.0 
63.0 -15.0 
64.0 -15.0 
65.0 -15.0 
66.0 -15.0 
67.0 -15.0 
68.0 -15.0 
69.0 -15.0 
70.0 -15.0 
71.0 -15.0 
72.0 -15.0 
73.0 -15.0 
62.0 -14.0 
63.0 -14.0 
64.0 -14.0 
65.0 -14.0 
66.0 -14.0 
67.0 -14.0 
68.0 -14.0 
69.0 -14.0 
70.0 -14.0 
71.0 -14.0 
72.0 -14.0 
73.0 -14.0 
62.0 -13.0 
63.0 -13.0 
64.0 -13.0 
65.0 -13.0 
66.0 -13.0 
67.0 -13.0 
68.0 -13.0 
69.0 -13.0 
70.0 -13.0 
71.0 -13.0 
72.0 -13.0 
73.0 -13.0 
62.0 -12.0 
63.0 -12.0 
64.0 -12.0 
65.0 -12.0 
66.0 -12.0 
67.0 -12.0 
68.0 -12.0 
69.0 -12.0 
70.0 -12.0 
71.0 -12.0 
72.0 -12.0 
73.0 -12.0 
62.0 -11.0 
63.0 -11.0 
64.0 -11.0 
65.0 -11.0 
66.0 -11.0 
67.0 -11.0 
68.0 -11.0 
69.0 -11.0 
70.0 -11.0 
71.0 -11.0 
72.0 -11.0 
73.0 -11.0 
87.0 10.0 
88.0 10.0 
89.0 10.0 
90.0 10.0 
91.0 10.0 
92.0 10.0 
93.0 10.0 
94.0 10.0 
95.0 10.0 
96.0 10.0 
97.0 10.0 
98.0 10.0 
87.0 11.0 
88.0 11.0 
89.0 11.0 
90.0 11.0 
91.0 11.0 
92.0 11.0 
93.0 11.0 
94.0 11.0 
95.0 11.0 
96.0 11.0 
97.0 11.0 
98.0 11.0 
87.0 12.0 
88.0 12.0 
89.0 12.0 
90.0 12.0 
91.0 12.0 
92.0 12.0 
93.0 12.0 
94.0 12.0 
95.0 12.0 
96.0 12.0 
97.0 12.0 
98.0 12.0 
87.0 13.0 
88.0 13.0 
89.0 13.0 
90.0 13.0 
91.0 13.0 
92.0 13.0 
93.0 13.0 
94.0 13.0 
95.0 13.0 
96.0 13.0 
97.0 13.0 
98.0 13.0 
87.0 14.0 
88.0 14.0 
89.0 14.0 
90.0 14.0 
91.0 14.0 
92.0 14.0 
93.0 14.0 
94.0 14.0 
95.0 14.0 
96.0 14.0 
97.0 14.0 
98.0 14.0 
87.0 15.0 
88.0 15.0 
89.0 15.0 
90.0 15.0 
91.0 15.0 
92.0 15.0 
93.0 15.0 
94.0 15.0 
95.0 15.0 
96.0 15.0 
97.0 15.0 
98.0 15.0 
87.0 16.0 
88.0 16.0 
89.0 16.0 
90.0 16.0 
91.0 16.0 
92.0 16.0 
93.0 16.0 
94.0 16.0 
95.0 16.0 
96.0 16.0 
97.0 16.0 
98.0 16.0 
87.0 17.0 
88.0 17.0 
89.0 17.0 
90.0 17.0 
91.0 17.0 
92.0 17.0 
93.0 17.0 
94.0 17.0 
95.0 17.0 
96.0 17.0 
97.0 17.0 
98.0 17.0 
87.0 18.0 
88.0 18.0 
89.0 18.0 
90.0 18.0 
91.0 18.0 
92.0 18.0 
93.0 18.0 
94.0 18.0 
95.0 18.0 
96.0 18.0 
97.0 18.0 
98.0 18.0 
58.5 -30.0 
59.5 -30.0 
60.5 -30.0 
61.5 -30.0 
62.5 -30.0 
63.5 -30.0 
64.5 -30.0 
65.5 -30.0 
66.5 -30.0 
67.5 -30.0 
68.5 -30.0 
69.5 -30.0 
70.5 -30.0 
71.5 -30.0 
72.5 -30.0 
58.5 -29.0 
59.5 -29.0 
60.5 -29.0 
61.5 -29.0 
62.5 -29.0 
63.5 -29.0 
64.5 -29.0 
65.5 -29.0 
66.5 -29.0 
67.5 -29.0 
68.5 -29.0 
69.5 -29.0 
70.5 -29.0 
71.5 -29.0 
72.5 -29.0 
58.5 -28.0 
59.5 -28.0 
60.5 -28.0 
61.5 -28.0 
62.5 -28.0 
63.5 -28.0 
64.5 -28.0 
65.5 -28.0 
66.5 -28.0 
67.5 -28.0 
68.5 -28.0 
69.5 -28.0 
70.5 -28.0 
71.5 -28.0 
72.5 -28.0 
58.5 -27.0 
59.5 -27.0 
60.5 -27.0 
61.5 -27.0 
62.5 -27.0 
63.5 -27.0 
64.5 -27.0 
65.5 -27.0 
66.5 -27.0 
67.5 -27.0 
68.5 -27.0 
69.5 -27.0 
70.5 -27.0 
71.5 -27.0 
72.5 -27.0 
58.5 -26.0 
59.5 -26.0 
60.5 -26.0 
61.5 -26.0 
62.5 -26.0 
63.5 -26.0 
64.5 -26.0 
65.5 -26.0 
66.5 -26.0 
67.5 -26.0 
68.5 -26.0 
69.5 -26.0 
70.5 -26.0 
71.5 -26.0 
72.5 -26.0 
-41.5 -36.5 
-40.5 -36.5 
-39.5 -36.5 
-41.5 -35.5 
-40.5 -35.5 
-39.5 -35.5 
-41.5 0.5 
-40.5 0.5 
-39.5 0.5 
-41.5 1.5 
-40.5 1.5 
-39.5 1.5 
58.5 43.5 
59.5 43.5 
60.5 43.5 
58.5 44.5 
59.5 44.5 
60.5 44.5 
38.5 -47.5 
39.5 -47.5 
40.5 -47.5 
38.5 -46.5 
39.5 -46.5 
40.5 -46.5 
109.5 13.5 
110.5 13.5 
111.5 13.5 
109.5 14.5 
110.5 14.5 
111.5 14.5 
-30.5 46.5 
-29.5 46.5 
-28.5 46.5 
-30.5 47.5 
-29.5 47.5 
-28.5 47.5 
-45.5 -31.5 
-44.5 -31.5 
-43.5 -31.5 
-45.5 -30.5 
-44.5 -30.5 
-43.5 -30.5 
116.5 -11.5 
117.5 -11.5 
118.5 -11.5 
116.5 -10.5 
117.5 -10.5 
118.5 -10.5 
-13.5 44.5 
-12.5 44.5 
-11.5 44.5 
-13.5 45.5 
-12.5 45.5 
-11.5 45.5 
-42.5 -24.5 
-41.5 -24.5 
-40.5 -24.5 
-42.5 -23.5 
-41.5 -23.5 
-40.5 -23.5 
59.5 -45.5 
60.5 -45.5 
61.5 -45.5 
59.5 -44.5 
60.5 -44.5 
61.5 -44.5 
43.5 -32.5 
44.5 -32.5 
45.5 -32.5 
43.5 -31.5 
44.5 -31.5 
45.5 -31.5 
-42.5 12.5 
-41.5 12.5 
-40.5 12.5 
-42.5 13.5 
-41.5 13.5 
-40.5 13.5 
-43.5 43.5 
-42.5 43.5 
-41.5 43.5 
-43.5 44.5 
-42.5 44.5 
-41.5 44.5 
107.5 -28.5 
108.5 -28.5 
109.5 -28.5 
107.5 -27.5 
108.5 -27.5 
109.5 -27.5 
-24.5 -0.5 
-23.5 -0.5 
-22.5 -0.5 
-24.5 0.5 
-23.5 0.5 
-22.5 0.5 
-46.5 -44.5 
-45.5 -44.5 
-44.5 -44.5 
-46.5 -43.5 
-45.5 -43.5 
-44.5 -43.5 
87.5 46.5 
88.5 46.5 
89.5 46.5 
87.5 47.5 
88.5 47.5 
89.5 47.5 
120.5 -6.5 
121.5 -6.5 
122.5 -6.5 
120.5 -5.5 
121.5 -5.5 
122.5 -5.5 
-11.5 -22.5 
-10.5 -22.5 
-9.5 -22.5 
-11.5 -21.5 
-10.5 -21.5 
-9.5 -21.5 
